-0.697611967362
0.393281952307
0.0117803510702
-0.00236963434145
0.0525207110222
1.19152673583
-0.876879786219
-2.36196063657
0.0294161253842
-0.178087771391
0.280911310248
0.463019675039
0.0
-0.0630679647875
0.261078294705
0.149434425128
-0.274843960808
0.0117803510702
0.0147311381588
0.0449897303133
1.39409018922
0.210998398486
-0.0151397539012
0.00554686428222
0.174289384235
-5.57637904318
0.235087111665
0.810321115967
-0.426980342464
0.752498490745
0.467048665959
9.79479585609
0.0
-0.0203121448498
1.44049119008
12.6242006057
-15.1800989932
0.0
1.88616280307
-7.84960307178
1.08733243721
2.18616467914
0.810321115967
0.0854084347122
-0.546731340566
-12.1493802843
0.962723282843
0.802526375768
-0.757533602771
1.69920279309
-0.042063424431
0.130956536394
0.0453641033619
-0.0311874656254
0.0855945978195
-0.89385225227
0.403497349585
0.350929768899
0.909997445169
0.0525675920901
-0.151208774869
-0.000208059791476
2.12415285894
-0.578208763417
0.295301506434
0.768189726531
-0.388455334071
0.337029888618
1.51984678482
-2.88385821274
-2.47008168755
2.62355195896
0.295301506434
-6.4117286592
-1.2482555155
0.295301506434
4.84218665403
-2.20960065793
-0.0974840027401
0.295301506434
0.295301506434
-4.40614328208
-0.793271793631
-12.2241967661
29.8143316251
-0.076203311534
-15.2218127721
2.72032055455
-1.14778241098
30.3312466781
-5.59552122271
29.995203888
1.45396432115
0.295301506434
-6.75163897211
0.965073842258
0.295301506434
9.87736203694
-2.82342057691
-5.59231312172
-0.490278905309
0.749451802758
0.0740124333396
0.681410492376
2.0937732878
-1.56818851828
-4.24343514438
-1.45603810366
0.150363528876
-1.41618244448
0.547090904182
-3.66240809549
3.17303860953
-1.09716379173
-0.0986248838575
-1.76622134857
-1.48352000661
0.822036821449
-1.20434587586
-0.251647831106
0.756156425205
-0.408284846311
-2.02681033146
22.4604495267
-1.59809145543
4.90737611236
-3.06995835463
0.208841462147
1.19789629284
0.295301506434
-0.918475306726
0.295301506434
3.84273168487
0.426655815805
-0.923703430969
0.244031016975
4.62937494522
1.41897967837
0.167496475231
-0.302342603788
0.511122775548
1.11037601828
-0.706673448063
0.953716755898
-5.5472886877
-2.79838588312
-7.08061674437
-6.07321016885
0.295301506434
1.02655853173
0.474758851433
-3.07956561507
-1.02738282199
2.07950754961
-18.2468304172
0.295301506434
0.293211745931
1.03480627915
0.838889881779
-7.09914348425
0.295301506434
-0.560514081133
0.74865839979
-2.18093473125
-0.550603844102
0.295301506434
1.17278020175
-2.48915199858
0.295301506434
-0.539921791815
16.427543958
0.295301506434
-4.38668349933
-1.53853760458
1.38080548788
-4.75644900168
-1.16117694042
-1.68582272447
0.295301506434
-0.416861610055
-0.663926443431
0.499401178181
-0.68592955257
0.667374884619
0.441127267679
1.21706212077
-1.16059923218
-1.90195702837
-0.990185969147
0.295301506434
-0.391795596795
0.998639675619
0.0436987691339
-0.731062558444
2.76325103963
-1.49548904223
-1.00104715687
0.295301506434
4.1060248149
0.295301506434
-2.42778466061
0.627108813813
-4.13252488263
2.52924254853
0.938270174647
-1.21058644911
0.385854064777
1.82846057577
-1.42004340084
0.247104166161
-2.88204964735
0.295301506434
0.100095902982
5.6645901947
-0.258211626471
1.07851421059
-29.6498426554
5.21297012634
-2.10756419819
0.0235493772235
1.83919588016
-10.4084173807
-1.15494787716
-4.19859020827
-2.05108010305
1.27506855546
0.973429165526
-0.347414897837
-0.593998326875
0.22037235847
-1.82736533215
0.71318361514
0.0232253394295
-0.612280451792
-1.42916228313
0.295301506434
-2.63458774115
-3.1596983431
0.0541631480731
-0.652321833848
2.7459712808
-2.17198915457
0.295301506434
0.460914168918
0.19218008848
-0.744845249632
-0.782974091909
0.477140333508
-0.0790044216412
0.295301506434
-0.527776093907
3.00504458007
-0.176959465392
-0.222734575636
-1.69532617955
2.46506415153
0.964937795264
0.492916782345
0.828852489161
3.94061185881
2.86733343545
-2.4699611872
0.999099684621
-0.0887119300163
-0.916217733412
-0.503224452362
-0.752875628679
-0.0389792038839
1.30090925884
-0.101356707201
0.681972185089
0.183077966871
-0.512933919755
-0.340442271357
0.202722654394
-0.113039911612
0.0228449209559
0.0
-0.00262800599131
0.00621137327909
5.75836911646
